%% I–V curves for multiple I_{da0} values

% Voltage (same for all)
V = 0:1:20;   % 0,1,...,20 V

% ----- Ida0 = 3.0e-6 -----
I_30 = [ 2.7770E-06
3.4685E-06
4.0075E-06
4.3794E-06
4.6409E-06
4.8775E-06
5.1174E-06
5.3799E-06
5.6667E-06
5.9933E-06
6.3644E-06
6.7879E-06
7.2928E-06
7.8781E-06
8.5848E-06
9.4518E-06
1.0536E-05
1.1891E-05
1.3623E-05
1.5855E-05
1.8726E-05
];

% ----- Ida0 = 3.2e-6 -----
I_32 = [ 2.9704E-06
3.7097E-06
4.2656E-06
4.6382E-06
4.8963E-06
5.1348E-06
5.3577E-06
5.6117E-06
5.8799E-06
6.1840E-06
6.5412E-06
6.9441E-06
7.4212E-06
7.9845E-06
8.5848E-06
9.5038E-06
1.0551E-05
1.1881E-05
1.3574E-05
1.5774E-05
1.8618E-05
];

% ----- Ida0 = 3.4e-6 -----
I_34 = [ 3.8800E-06
5.0990E-06
6.1745E-06
7.0436E-06
7.7825E-06
8.4918E-06
9.1964E-06
9.9287E-06
1.0682E-05
1.1457E-05
1.2261E-05
1.3101E-05
1.3995E-05
1.4931E-05
1.5941E-05
1.7062E-05
1.8310E-05
1.9752E-05
2.1452E-05
2.3504E-05
2.6117E-05
];

% ----- Ida0 = 3.6e-6 -----
I_36 = [1.6258E-06
2.0431E-06
2.3717E-06
2.6063E-06
2.8003E-06
2.9790E-06
3.1695E-06
3.3852E-06
3.6343E-06
3.9170E-06
4.2415E-06
4.6217E-06
5.0821E-06
5.6170E-06
6.2738E-06
7.0899E-06
8.1124E-06
9.4964E-06
1.1081E-05
1.3256E-05
1.6104E-05
];

% ----- Ida0 = 3.8e-6 -----
I_38 = [ 1.6305E-06
2.0498E-06
2.3716E-06
2.6095E-06
2.8239E-06
2.9780E-06
3.1679E-06
3.3865E-06
3.6324E-06
3.9130E-06
4.2375E-06
4.6177E-06
5.0736E-06
5.6090E-06
6.2621E-06
7.0764E-06
8.0940E-06
9.3872E-06
1.1057E-05
1.3237E-05
1.6081E-05
];

% ----- Ida0 = 4.0e-6 -----
I_40 = [ 1.6413E-06
2.0628E-06
2.3777E-06
2.6190E-06
2.7990E-06
2.9804E-06
3.1657E-06
3.3857E-06
3.6297E-06
3.9089E-06
4.2316E-06
4.6111E-06
5.0652E-06
5.5988E-06
6.2738E-06
7.0813E-06
8.0732E-06
9.3620E-06
1.1028E-05
1.3206E-05
1.6052E-05
];

% ----- Ida0 = 4.2e-6 -----
I_42 = [ 1.6545E-06
2.0757E-06
2.3927E-06
2.6167E-06
2.7960E-06
2.9804E-06
3.1644E-06
3.3829E-06
3.6269E-06
3.9053E-06
4.2277E-06
4.6064E-06
5.0580E-06
5.5883E-06
6.2353E-06
7.0427E-06
8.0515E-06
9.3342E-06
1.1081E-05
1.3170E-05
1.6020E-05
];

% ----- Ida0 = 4.4e-6 -----
I_44 = [ 1.6661E-06
2.0839E-06
2.3985E-06
2.6219E-06
2.8003E-06
2.9800E-06
3.1618E-06
3.3808E-06
3.6246E-06
3.9005E-06
4.2218E-06
4.5965E-06
5.0473E-06
5.5767E-06
6.2202E-06
7.0238E-06
8.0258E-06
9.2967E-06
1.0996E-05
1.3127E-05
1.5978E-05
];

% ----- Ida0 = 4.6e-6 -----
I_46 = [ 1.6802E-06
2.0987E-06
2.4058E-06
2.6233E-06
2.7979E-06
2.9795E-06
3.1696E-06
3.3767E-06
3.6197E-06
3.8962E-06
4.2165E-06
4.5889E-06
5.0351E-06
5.5621E-06
6.2035E-06
7.0006E-06
7.9996E-06
9.2681E-06
1.0916E-05
1.3076E-05
1.5926E-05
];

% ----- Ida0 = 4.8e-6 -----
I_48 = [ 1.6926E-06
2.1095E-06
2.4147E-06
2.6266E-06
2.7974E-06
2.9830E-06
3.1694E-06
3.3730E-06
3.6158E-06
3.8908E-06
4.2085E-06
4.5815E-06
5.0256E-06
5.5489E-06
6.1834E-06
6.9769E-06
7.9680E-06
9.2285E-06
1.0866E-05
1.3019E-05
1.5867E-05
];

% ----- Ida0 = 5.0e-6 -----
I_50 = [ 1.7137E-06
2.1252E-06
2.4205E-06
2.6284E-06
2.8038E-06
2.9838E-06
3.1744E-06
3.3706E-06
3.6107E-06
3.8854E-06
4.2014E-06
4.5720E-06
5.0143E-06
5.5332E-06
6.1655E-06
6.9501E-06
7.9350E-06
9.1871E-06
1.0811E-05
1.2953E-05
1.5791E-05
];

% ----- Ida0 = 5.2e-6 -----
I_52 = [ 1.7178E-06
2.1428E-06
2.4368E-06
2.6397E-06
2.8073E-06
2.9877E-06
3.1817E-06
3.3660E-06
3.6062E-06
3.8790E-06
4.1967E-06
4.5619E-06
5.0007E-06
5.5189E-06
6.1416E-06
6.9207E-06
7.8979E-06
9.1293E-06
1.0748E-05
1.2877E-05
1.5707E-05
];

% ----- Ida0 = 5.4e-6 -----
I_54 = [ 1.7366E-06
2.1580E-06
2.4541E-06
2.6457E-06
2.8123E-06
2.9941E-06
3.2006E-06
3.3622E-06
3.6013E-06
3.8723E-06
4.1845E-06
4.5497E-06
4.9849E-06
5.4968E-06
6.0900E-06
6.8237E-06
7.8589E-06
9.0813E-06
1.0677E-05
1.2788E-05
1.5603E-05
];

% ----- Ida0 = 5.6e-6 -----
I_56 = [ 1.7642E-06
2.1783E-06
2.4735E-06
2.6602E-06
2.8269E-06
3.0154E-06
3.1440E-06
3.3592E-06
3.5956E-06
3.8647E-06
4.1752E-06
4.5348E-06
4.9698E-06
5.4794E-06
6.0900E-06
6.8554E-06
7.8064E-06
9.0255E-06
1.0596E-05
1.2685E-05
1.5479E-05
];

% ----- Ida0 = 5.8e-6 -----
I_58 = [ 1.7792E-06
2.2051E-06
2.5023E-06
2.6798E-06
2.8446E-06
2.9597E-06
3.1419E-06
3.3543E-06
3.5895E-06
3.8565E-06
4.1641E-06
4.5250E-06
4.9528E-06
5.4551E-06
6.0572E-06
6.8114E-06
7.7556E-06
8.9556E-06
1.0505E-05
1.2570E-05
1.5332E-05
];

% ----- Ida0 = 6.0e-6 -----
I_60 = [1.7989E-06
2.1974E-06
2.5301E-06
2.6279E-06
2.7856E-06
2.9583E-06
3.1383E-06
3.3481E-06
3.5838E-06
3.8481E-06
4.1518E-06
4.5107E-06
4.9329E-06
5.4269E-06
6.0231E-06
6.7712E-06
7.6988E-06
8.8835E-06
1.0400E-05
1.2432E-05
1.5191E-05
];

% ----- Ida0 = 6.2e-6 -----
I_62 = [ 1.8243E-06
2.2131E-06
2.4579E-06
2.6252E-06
2.7839E-06
2.9533E-06
3.1335E-06
3.3421E-06
3.5765E-06
3.8373E-06
4.1424E-06
4.4918E-06
4.9145E-06
5.4040E-06
5.9918E-06
6.7071E-06
7.6366E-06
8.8001E-06
1.0283E-05
1.2274E-05
1.4981E-05
];

% ----- Ida0 = 6.4e-6 -----
I_64 = [ 1.8508E-06
2.2307E-06
2.4634E-06
2.6301E-06
2.7806E-06
2.9515E-06
3.1287E-06
3.3362E-06
3.5692E-06
3.8287E-06
4.1300E-06
4.4732E-06
4.9060E-06
5.3724E-06
5.9555E-06
6.6712E-06
7.5698E-06
8.6999E-06
1.0149E-05
1.2097E-05
1.4727E-05
];

% ----- Ida0 = 6.6e-6 -----
I_66 = [ 1.8756E-06
2.2486E-06
2.4681E-06
2.6262E-06
2.7783E-06
2.9407E-06
3.1238E-06
3.3304E-06
3.5604E-06
3.8180E-06
4.1098E-06
4.4561E-06
4.8656E-06
5.2731E-06
5.9103E-06
6.6161E-06
7.4943E-06
8.5978E-06
1.0024E-05
1.2070E-05
1.4452E-05
];

% ----- Ida0 = 6.8e-6 -----
I_68 = [ 1.9084E-06
2.2654E-06
2.4717E-06
2.6246E-06
2.7743E-06
2.9381E-06
3.1430E-06
3.3234E-06
3.5514E-06
3.8033E-06
4.0915E-06
4.4011E-06
4.8419E-06
5.3021E-06
5.8650E-06
6.5574E-06
7.4121E-06
8.4975E-06
9.8944E-06
1.1655E-05
1.4131E-05
];

% ----- Ida0 = 7.0e-6 -----
I_70 = [ 1.9356E-06
2.2813E-06
2.4781E-06
2.6283E-06
2.7706E-06
2.9339E-06
3.1299E-06
3.3123E-06
3.5401E-06
3.7893E-06
4.0747E-06
4.4122E-06
4.8074E-06
5.2666E-06
5.8153E-06
6.4927E-06
7.3274E-06
8.3005E-06
9.6273E-06
1.1382E-05
1.3757E-05
];

% ----- Ida0 = 7.2e-6 -----
I_72 = [ 1.9676E-06
2.2981E-06
2.4820E-06
2.6261E-06
2.7693E-06
2.9320E-06
3.1031E-06
3.3034E-06
3.5322E-06
3.7702E-06
4.0541E-06
4.3863E-06
4.7610E-06
5.2267E-06
5.7652E-06
6.4321E-06
7.1544E-06
8.1420E-06
9.4069E-06
1.1075E-05
1.3334E-05
];

% ----- Ida0 = 7.4e-6 -----
I_74 = [ 2.0056E-06
2.3127E-06
2.4841E-06
2.6247E-06
2.7650E-06
2.9232E-06
3.0954E-06
3.2915E-06
3.5076E-06
3.7549E-06
4.0323E-06
4.3583E-06
4.7393E-06
5.1848E-06
5.7175E-06
6.3690E-06
7.0212E-06
8.0006E-06
9.1528E-06
1.0724E-05
1.2837E-05
];

% ----- Ida0 = 7.6e-6 -----
I_76 =  [ 2.0428E-06
2.3312E-06
2.4863E-06
2.6260E-06
2.7576E-06
2.9183E-06
3.0868E-06
3.2794E-06
3.4912E-06
3.7384E-06
4.0062E-06
4.3281E-06
4.7071E-06
5.1513E-06
5.6740E-06
6.1493E-06
6.8659E-06
7.7497E-06
8.8668E-06
1.0327E-05
1.2276E-05
];

% ----- Ida0 = 7.8e-6 -----
I_78 = [ 2.0832E-06
2.3478E-06
2.5260E-06
2.6327E-06
2.7580E-06
2.9107E-06
3.0745E-06
3.2663E-06
3.4723E-06
3.7166E-06
3.9880E-06
4.3058E-06
4.6904E-06
5.1195E-06
5.6501E-06
6.1493E-06
6.6925E-06
7.5162E-06
8.5483E-06
1.0868E-05
1.1639E-05
];

% ----- Ida0 = 8.0e-6 -----
I_80 = [ 2.1144E-06
2.3489E-06
2.5193E-06
2.6227E-06
2.7416E-06
2.8928E-06
3.0614E-06
3.2462E-06
3.5135E-06
3.6709E-06
3.9271E-06
4.2083E-06
4.5322E-06
4.9222E-06
5.4037E-06
5.8734E-06
6.4916E-06
7.2441E-06
8.1810E-06
9.3739E-06
1.0924E-05
];
